| 7.56169 7.04789 8.20483 3.017 2.49997 4.29657 3.28306 8.57007 5.72141 1.27442 0.146705 1.23508 1.41011 1.16811 8.99032 4.61639 5.51376 5.73797 4.44225 2.63265 |
| 4.7407 3.60206 2.54983 7.26952 0.627797 4.73396 1.72992 8.01209 0.577542 4.11932 2.14452 8.11987 2.39999 3.37686 4.61282 4.78446 3.93874 8.37729 2.55864 5.75981 |
| 6.19075 3.96094 7.46281 2.06071 3.15324 8.60821 5.91574 3.95604 3.58593 6.15797 4.34242 8.55227 1.32894 5.76973 5.57637 7.07402 4.0233 1.6878 5.00799 1.52646 |
| 0.928541 4.459 8.86276 6.16001 6.74794 2.64744 5.2604 1.37151 1.12927 1.47692 0.670768 0.472763 1.5859 7.18018 5.90907 5.75513 0.841324 4.68189 0.629158 4.15278 |
| 5.15987 0.467449 8.99994 8.0096 8.98019 7.83486 0.0374545 5.34503 1.46818 8.21724 3.23186 5.21487 6.18649 4.77727 2.73866 5.19274 6.73028 0.318788 7.49915 7.85944 |
| 8.81491 8.1303 6.00192 1.47571 8.00054 5.84736 5.66532 6.30558 2.95899 0.667449 2.01291 4.59617 2.52038 6.47342 4.24335 8.49886 3.02716 3.91062 3.10449 7.49919 |
| 6.07928 4.33742 6.40879 5.59641 3.72585 6.06543 3.12404 5.48195 6.57656 6.66395 8.28823 5.87817 4.79197 2.34447 6.17512 1.00148 5.19021 5.99901 6.98191 2.96678 |
| 8.85927 7.44652 1.69381 8.62773 6.88384 1.09029 3.45449 8.48746 7.75725 7.14291 2.6756 8.18679 4.4833 1.46481 7.78121 4.17296 4.4638 1.62379 6.54795 5.42798 |
| 7.5432 1.60387 4.48673 1.24415 2.92326 8.17636 7.53145 4.46467 3.54894 5.47995 1.36107 0.970635 3.27238 2.98247 3.84595 5.25213 5.92872 4.38684 7.94733 4.65943 |
| 5.01805 7.46945 2.19894 6.56424 8.8636 8.07804 3.69709 7.04954 2.6431 7.78981 0.442462 8.8782 1.89795 7.78663 0.896034 2.71587 7.28186 0.463575 4.11944 6.22869 |
| 1.072 5.20771 5.35541 2.73857 4.28926 5.48756 5.57033 2.10291 0.630812 8.31355 4.3356 7.44092 3.21474 3.09826 5.93231 2.31722 5.63368 2.77341 1.78219 0.987594 |
| 7.04036 1.80317 2.84092 2.07896 4.79561 4.99858 3.42193 2.74867 2.344 4.97085 6.17388 6.28063 5.813 4.79664 5.56602 4.66663 3.25939 7.21707 1.37588 0.572045 |
| 1.68855 6.30271 0.0101293 2.74715 5.89831 1.63045 6.00606 5.87974 7.96513 1.41425 7.46062 8.13753 3.55069 7.82032 6.65063 2.09807 4.96299 4.44966 8.45216 7.32725 |
| 5.91481 8.42267 7.86878 5.73994 6.97879 2.36506 4.23508 7.15941 7.85719 3.71234 5.37209 4.84701 5.21119 6.30819 7.49348 1.01383 4.59314 7.32916 5.73891 1.29584 |
| 2.22329 0.157109 5.16349 5.24414 4.29625 0.528509 5.7669 2.00342 5.67219 6.64145 3.94706 8.57396 8.09177 3.00212 1.97222 8.54838 7.95886 1.65389 7.02202 8.14303 |
| 6.85451 2.98661 5.04706 5.5995 4.30165 5.88492 1.89622 7.7889 3.362 5.81868 6.08899 0.529744 5.07256 0.170197 0.0816609 5.41284 7.98477 1.55758 4.38949 5.75108 |
| 1.39803 7.93984 8.09488 4.28225 8.51976 7.79111 6.468 1.6566 1.50449 5.63513 1.14002 8.52232 1.44742 4.15663 8.23699 5.52804 3.54371 3.92926 2.19662 5.09548 |
| 0.312447 7.32513 3.20745 0.320998 1.80852 6.29808 8.00409 3.07334 6.90031 6.28842 8.13768 6.77231 7.28434 5.32 0.913087 2.19734 5.30207 8.00598 0.5042 4.22145 |
| 5.2831 5.26127 7.33994 4.7387 6.56458 2.37755 4.84358 8.38366 1.85143 3.60887 6.11913 3.99005 6.32868 1.93072 2.32301 0.145597 7.6717 2.8933 4.74147 2.25189 |
| 0.659121 8.00831 4.77929 8.63061 3.09563 0.395238 0.0456858 2.63597 7.38132 4.20724 1.71885 8.31043 0.759699 6.40219 0.835726 7.80722 4.28353 6.99754 5.20751 6.69354 |
