| 349.659 469.801 403.958 462.007 463.625 343.95 467.008 396.219 394.369 389.021 439.326 490.793 341.278 342.006 407.426 377.87 435.342 355.702 509.285 387.481 |
| 356.592 441.376 437.986 438.258 368.67 279.082 378.824 415.633 368.014 413.421 463.074 389.71 271.142 351.856 411.656 383.178 381.305 331.345 436.946 410.1 |
| 465.917 478.657 404.231 488.23 408.462 364.846 413.739 480.788 391.207 469.81 484.403 486.104 335.565 416.643 442.373 452.433 490.745 338.242 512.734 449.428 |
| 345.874 366.911 335.626 337.054 359.011 247.214 345.45 327.739 337.046 356.711 379.168 343.483 238.958 332.745 374.14 311.563 327.201 260.232 389.543 371.619 |
| 449.015 513.23 474.409 524.963 378.36 357.584 480.997 529.267 421.784 530.46 521.047 473.808 367.126 466.15 572.743 549.649 494.24 338.919 593.189 561.722 |
| 502.805 499.215 421.095 507.684 463.357 371.991 499.369 471.863 404.574 450.715 516.019 482.208 323.388 442.18 516.318 459.217 524.086 401.529 576.36 510.438 |
| 438.054 527.887 459.85 542.21 459.435 363.229 488.365 508.897 434.06 472.518 496.73 498.043 400.509 448.347 478.26 495.254 511.941 377.031 585.659 466.213 |
| 465.859 509.491 468.756 517.593 502.066 357.648 515.409 529.341 452.384 487.807 584.645 528.755 361.582 494.395 593.614 545.326 556.968 419.256 601.037 525.055 |
| 382.05 436.466 392.67 427.483 377.323 359.064 379.855 402.479 348.028 381.937 415.166 410.229 296.212 349.155 399.565 416.828 432.263 305.967 532.175 378.212 |
| 481.14 467.842 437.504 503.437 387.038 313.908 435.097 509.014 371.2 477.353 552.517 453.976 278.404 466.037 539.588 466.279 474.041 357.019 531.701 478.885 |
| 368.753 387.817 332.052 377.984 330.773 239.348 350.459 375.415 293.844 378.407 413.038 373.48 281.111 373.358 345.442 345.138 399.543 279.203 422.319 347.953 |
| 410.472 410.175 345.766 397.596 367.834 294.465 397.473 383.404 345.428 413.993 399.33 380.754 291.587 342.051 370.02 414.653 410.24 333.585 485.61 390.593 |
| 489.258 438.932 464.928 483.117 466.459 347.092 469.237 465.993 413.549 392.285 524.278 389.497 307.143 512.72 517.289 450.85 547.978 401.655 550.095 432.93 |
| 481.974 541.206 471.077 558.298 558.186 390.663 558.296 522.162 481.94 502.819 550.365 532.857 400.761 489.829 525.692 504.93 522.833 453.256 613.282 488.959 |
| 448.531 417.462 424.115 402.005 387.21 364.478 454.137 457.011 380.715 433.055 463.267 349.189 292.138 472.411 525.039 469.486 508.584 326.701 540.464 497.292 |
| 353.449 430.368 369.976 451.645 336.708 346.131 437.409 435.657 296.186 376.02 404.458 404.293 329.495 361.456 427.166 445.521 427.626 282.172 511.491 441.81 |
| 482.772 498.686 435.697 462.023 423.77 281.259 448.932 435.42 408.516 479.411 533.252 485.041 321.777 464.684 499.553 407.99 515.834 359.072 527.979 468.828 |
| 478.538 441.21 360.925 456.563 436.431 318.151 443.29 427.638 316.935 378.372 438.401 375.658 316.211 410.009 410.955 367.086 487.355 332.256 505.682 381.083 |
| 349.063 430.644 361.57 451.182 388.247 327.931 466.748 456.765 333.201 400.425 443.744 402.349 336.231 429.598 400.423 438.695 423.064 351.81 487.376 424.627 |
| 435.657 426.655 453.376 435.471 400.534 306.332 413.351 409.26 391.271 411.967 457.792 371.648 243.81 407.195 511.641 364.044 417.702 340.252 477.919 449.581 |
