| 3.54945 7.18596 1.77796 6.91407 4.98573 5.65984 4.62061 8.24576 6.45567 5.46272 2.18598 7.23759 3.6085 0.979279 1.96431 7.55201 2.66428 4.71858 8.75498 6.94222 |
| 6.92922 8.02376 3.17213 8.27124 8.54394 0.774503 5.96904 3.14004 0.180207 0.567863 8.73571 7.65828 4.85784 6.84224 6.00951 0.353523 8.38652 6.48857 6.64681 3.18644 |
| 1.49377 7.92068 2.97303 8.04035 6.18003 5.29776 7.72809 8.31573 7.3329 8.19875 1.94242 8.28115 7.92956 3.88758 2.52953 2.76712 2.03496 2.48611 3.74851 8.16123 |
| 1.13468 6.84428 8.41504 3.44869 3.31797 2.09035 2.19971 6.58934 7.14123 6.70564 8.55094 4.69407 2.16056 6.59389 8.70665 6.83761 1.21412 0.704089 1.8419 7.3771 |
| 6.80023 1.42026 1.83896 1.12922 0.486518 0.650959 8.30762 1.62335 3.52521 7.37726 4.97237 4.07318 0.896761 6.81564 8.93006 7.89852 5.66019 6.73023 8.32839 7.47934 |
| 6.6943 8.85236 4.47533 7.47011 0.692952 2.2324 2.06223 2.8518 2.08285 5.69765 5.86019 8.74319 4.91496 1.01953 5.33286 4.05826 7.62916 0.0290831 5.38633 2.10503 |
| 4.34655 2.7446 1.643 0.367779 6.26385 5.73876 1.6616 5.64442 2.95537 1.81992 6.16281 2.31539 0.788793 7.89646 0.843662 3.25441 5.3389 2.599 2.59541 1.70776 |
| 0.0322072 2.98331 3.92847 8.27037 6.29168 6.17207 6.96846 8.24646 1.83193 4.93238 8.14439 7.86581 5.1858 2.4652 4.43159 7.64048 2.61948 6.15761 1.25152 4.4318 |
| 6.51827 1.99769 1.09133 3.24398 8.38706 5.59886 7.36315 3.01475 5.92948 2.33016 0.652905 5.82487 2.59443 0.820337 8.41045 2.38915 6.856 1.41545 5.63099 1.87059 |
| 3.83579 3.5495 2.93412 5.74789 3.04419 1.22467 0.0486769 6.96948 1.03201 6.48905 4.04195 6.37118 4.26505 0.845276 3.44606 5.91408 1.18532 0.480801 7.02782 3.98304 |
| 5.30673 4.76909 3.25725 7.99851 1.52838 4.73172 5.36577 7.46827 0.889537 1.52685 2.02942 2.61746 7.9045 7.33418 0.326947 7.00432 7.52493 1.98908 5.51198 6.07145 |
| 6.47516 3.61069 3.90608 3.47173 1.39251 0.131214 3.4395 6.63667 5.84693 8.27632 7.28807 2.80755 0.054043 7.59519 5.78423 3.60638 6.46981 6.10031 0.296034 6.1715 |
| 5.57063 5.11048 0.0513823 2.35413 7.718 3.07219 7.91108 2.81907 1.67638 4.53115 6.08089 1.72 6.3546 4.92657 8.39236 8.33918 8.40078 4.97312 7.19681 5.35048 |
| 8.9577 2.92087 5.30241 6.83391 7.15419 5.43941 1.50259 7.78577 5.97973 5.50783 5.81041 1.33508 0.296671 4.66336 4.63544 4.40829 0.436497 3.46193 4.0691 3.7177 |
| 3.6609 6.45837 7.31652 4.02068 8.95648 0.668344 5.37552 1.97809 8.31161 4.16567 7.65528 8.5402 6.90312 4.83068 4.29796 4.19552 8.70549 4.12235 6.89803 2.31827 |
| 8.67154 3.62141 4.99003 1.71925 3.24095 8.2487 5.45888 0.987999 1.79102 5.33423 5.36706 5.04785 2.18363 3.09457 8.31323 6.93617 8.39945 4.03183 7.15708 8.69113 |
| 2.636 3.29425 6.72874 2.45688 1.10093 5.60875 8.32086 2.54055 1.82679 1.58615 2.04797 0.124796 1.0799 5.83691 0.907713 0.635013 4.46788 2.6386 8.21151 1.71638 |
| 3.88659 6.78044 8.98173 4.71194 5.95612 2.94855 5.82041 0.451511 7.22997 6.1373 2.81646 2.6814 1.70157 0.480955 1.41548 1.22553 0.522471 8.50951 8.32698 2.31272 |
| 1.51953 4.28719 8.33461 5.24025 2.02712 5.70226 0.149855 3.12791 4.70366 2.76451 5.80621 2.4212 2.99603 6.83288 6.15217 7.60611 5.40686 6.01164 7.632 2.30605 |
| 4.62944 5.5027 7.39198 6.63072 3.23948 0.214769 4.38529 6.37436 4.56669 0.704321 4.35284 0.390552 2.20372 5.50117 8.65409 1.49485 6.81554 0.062821 6.62816 8.30315 |
